crop_path,class_id,image_id,x,y,z,R1,R2,R3,R4,R5,R6,R7,R8,R9
RGB_Crops/cls05_img0968_det0.png,05,0968,0.04881189835,0.010887536960000001,0.78611753609,0.0622608,-0.99622297,-0.0605251,-0.60140997,0.0109485,-0.79886502,0.79651099,0.0861384,-0.59845698
RGB_Crops/cls08_img0753_det0.png,08,0753,-0.04163692185,-0.05992963719,0.6546862588300001,-0.956595,0.24997801,-0.149792,0.29142001,0.81894898,-0.49436501,-0.00090803,-0.51656002,-0.856251
RGB_Crops/cls02_img1157_det0.png,02,1157,0.1058913941,-0.02109613551,0.73786450068,-0.50248939,0.82771976,-0.24981202,0.63978319,0.1616249,-0.75138327,-0.58155066,-0.53738056,-0.61077034
RGB_Crops/cls04_img0404_det0.png,04,0404,0.16804494625000002,0.09255428539,0.99344990681,0.97348601,-0.134353,-0.185132,-0.22824501,-0.62406898,-0.74729002,-0.0151341,0.769732,-0.638188
RGB_Crops/cls09_img0295_det0.png,09,0295,-0.0030746325799999997,-0.10314983189,0.7613833661,0.41433701,-0.89350498,0.173127,-0.82769501,-0.449036,-0.33658201,0.37847799,-0.00383766,-0.92560202
RGB_Crops/cls11_img1077_det0.png,11,1077,0.14773443857000002,0.009639768480000001,0.98691456378,-0.28459299,0.94297802,-0.17262401,0.69424403,0.0785543,-0.71543998,-0.661084,-0.323452,-0.67701298
RGB_Crops/cls06_img0745_det0.png,06,0745,-0.02677779328,-0.1182543915,1.0244148984099999,-0.351547,-0.91826701,0.182211,-0.784298,0.18260901,-0.59289998,0.51116699,-0.35134,-0.78439099
RGB_Crops/cls09_img0080_det0.png,09,0080,-0.01942917429,-0.05692279402,1.0572729245499999,0.99413002,-0.104868,-0.0265984,-0.066756,-0.40111601,-0.91359198,0.0851373,0.91000497,-0.40576199
RGB_Crops/cls11_img1072_det0.png,11,1072,0.06650477264,-0.08631518637,0.75022546399,-0.038762,0.989793,0.137141,0.806319,0.112046,-0.58077198,-0.59021002,0.0880672,-0.802432
RGB_Crops/cls10_img0174_det0.png,10,0174,-0.018953526369999998,-0.09044469336000001,1.07975635554,-0.53860098,0.83921099,0.0750577,0.512806,0.39718699,-0.76109898,-0.66853499,-0.371438,-0.64427799
RGB_Crops/cls02_img1102_det0.png,02,1102,0.3387219744,-0.0108383796,0.8906966101,0.24130479,0.97035287,0.01496737,0.84585888,-0.20273862,-0.49341595,-0.47574288,0.13172218,-0.86968453
RGB_Crops/cls01_img1125_det0.png,01,1125,-0.02598224712,0.01779535774,0.84426726233,-0.86735898,0.49389401,0.06129,0.37763599,0.73334497,-0.56532902,-0.32416001,-0.46719801,-0.82258499
RGB_Crops/cls01_img0914_det0.png,01,0914,0.00058071904,-0.08260953586,0.6807986054,0.0536252,-0.97537702,-0.213925,-0.962547,0.00652554,-0.27103701,0.26575899,0.220448,-0.93849599
RGB_Crops/cls11_img0739_det0.png,11,0739,0.05403198199,-0.07627449373,0.74826204436,-0.0737644,-0.993038,0.0918428,-0.996095,0.0688842,-0.0552226,0.0485116,-0.0955576,-0.994241
RGB_Crops/cls01_img0221_det0.png,01,0221,0.0034105092400000003,-0.03990063309,0.73614914231,0.59987402,0.62459397,-0.50003397,-0.00375956,-0.62276101,-0.78240299,-0.80008602,0.471223,-0.37123001
RGB_Crops/cls06_img0558_det0.png,06,0558,0.08678275503999999,-0.14089638853,0.88862124696,0.93405098,-0.0396367,-0.35493401,-0.32483399,-0.50733399,-0.79818201,-0.148433,0.86083698,-0.48675099
RGB_Crops/cls11_img0027_det0.png,11,0027,0.09326980097000001,-0.11375354111,1.01695257011,0.81004602,0.57398802,-0.119845,0.48341599,-0.76940203,-0.41752699,-0.331864,0.28028101,-0.90072697
RGB_Crops/cls06_img0677_det0.png,06,0677,-0.00036185355,-0.09350911793,0.8478493948,0.77701002,-0.62129402,-0.101234,-0.29486501,-0.21714599,-0.93053901,0.55615598,0.75288802,-0.35192299
RGB_Crops/cls09_img0845_det0.png,09,0845,0.10875734099,0.02007611738,1.01605017887,-0.90503901,-0.128033,-0.40560099,0.29972401,0.48462701,-0.82176697,0.301779,-0.8653,-0.40023199
RGB_Crops/cls08_img0920_det0.png,08,0920,-0.13907081597999998,-0.13445717047,0.92613978708,-0.87900603,0.43654901,-0.191763,0.344082,0.30234101,-0.88893002,-0.330084,-0.84735799,-0.415968
RGB_Crops/cls02_img0384_det0.png,02,0384,-0.20498359744,0.07429163986000001,0.68271431489,-0.44536115,0.80148561,-0.39915936,0.86419354,0.2681299,-0.42583497,-0.23426955,-0.53458625,-0.8120293
RGB_Crops/cls08_img0245_det0.png,08,0245,-0.0246367842,0.03634902684,0.92101540343,0.92951202,0.0135038,0.368545,0.363408,-0.203679,-0.90909302,0.0627887,0.97894502,-0.19422901
RGB_Crops/cls05_img0979_det0.png,05,0979,0.11527120994000001,-0.03927060281,0.75930791048,0.0572802,-0.955064,0.290811,-0.68324399,-0.249891,-0.68609899,0.72794002,-0.15939499,-0.66685599
RGB_Crops/cls10_img0088_det0.png,10,0088,-0.00551613917,0.021633535080000002,0.71099739152,0.484155,0.87492698,0.00980917,0.85263598,-0.46924299,-0.229831,-0.196483,0.119638,-0.97318101
RGB_Crops/cls09_img1087_det0.png,09,1087,0.0238688037,-0.02407571928,1.05422026477,0.206993,0.918248,-0.33759999,0.54737097,-0.39470699,-0.73796397,-0.81088698,-0.032039,-0.584324
RGB_Crops/cls04_img0392_det0.png,04,0392,-0.00803752978,0.05362933434,0.99903391048,0.99975902,0.0154,-0.0156573,0.0044186,-0.83941102,-0.54347903,-0.0215125,0.54327798,-0.83927703
RGB_Crops/cls10_img0309_det0.png,10,0309,0.07506036991000001,-0.16698796085,0.89746716769,0.77866203,0.60224301,-0.176038,0.29446301,-0.59850103,-0.74504203,-0.55405498,0.52829897,-0.64336801
RGB_Crops/cls06_img0110_det0.png,06,0110,0.04351151918,-0.25013999117,0.94769488154,0.69850701,0.69626898,-0.16522001,0.38405201,-0.55956203,-0.73443502,-0.60381502,0.44955501,-0.658261
RGB_Crops/cls05_img0504_det0.png,05,0504,0.08208319972,0.055275344080000004,0.87862380974,-0.51682699,0.81409401,-0.26484001,0.85240602,0.46068999,-0.247324,-0.0793353,-0.35357499,-0.93203598
RGB_Crops/cls09_img1161_det0.png,09,1161,0.06538017421,-0.12269011822,0.92576227246,0.31504899,0.94793701,0.0464765,0.433698,-0.100237,-0.89546603,-0.84418601,0.30227301,-0.44269699
RGB_Crops/cls09_img0561_det0.png,09,0561,0.10191900041,-0.0011309973,0.88579409129,-0.25572401,-0.93944901,-0.22812501,-0.451828,0.324756,-0.83089399,0.85466802,-0.109407,-0.50751698
RGB_Crops/cls11_img0332_det0.png,11,0332,0.0132535284,-0.09968520417,1.02182867286,0.81354499,-0.564605,0.13915899,-0.0778166,-0.34286201,-0.93615699,0.576271,0.75077701,-0.32286999
RGB_Crops/cls06_img0860_det0.png,06,0860,-0.03111753972,-0.062351512649999996,0.78989238474,-0.65072697,-0.75792199,-0.0459214,-0.657148,0.59244001,-0.46601701,0.38040999,-0.273072,-0.88358402
RGB_Crops/cls09_img1131_det0.png,09,1131,-0.01346474647,-0.07033066627,1.03843006007,0.29869699,0.862638,-0.40821001,0.249641,-0.48346901,-0.83901,-0.92111897,0.14870299,-0.35975999
RGB_Crops/cls08_img0622_det0.png,08,0622,0.00032340994,-0.03808866526,0.9182037373099999,-0.395188,-0.91342801,-0.097342,-0.17444301,0.178664,-0.96832299,0.90188497,-0.365688,-0.229947
RGB_Crops/cls10_img0727_det0.png,10,0727,0.014898688260000001,-0.05799577884,0.70275679622,0.994537,0.0924668,-0.0484325,0.0389869,-0.75946301,-0.64938098,-0.0968289,0.64394599,-0.758919
RGB_Crops/cls02_img0130_det0.png,02,0130,0.20636296820000002,0.0096579761,0.84345869725,0.73095995,0.62145083,-0.28230034,0.27063616,-0.64361677,-0.71606149,-0.62659732,0.44697576,-0.63857117
RGB_Crops/cls05_img0925_det0.png,05,0925,0.04735640933,-0.01215144429,0.80093327256,-0.111641,-0.914204,0.38957399,-0.44823101,-0.303556,-0.84079897,0.88691902,-0.26848599,-0.37588599
RGB_Crops/cls01_img0908_det0.png,01,0908,-0.01848795617,-0.05795761526,0.70834508515,-0.90915298,-0.41408101,0.0444756,-0.36808401,0.74898601,-0.55093902,0.194822,-0.51725799,-0.83336002
RGB_Crops/cls11_img1094_det0.png,11,1094,0.11426274761,-0.07652644017999999,0.83025315145,-0.28972,0.93131101,-0.22073101,0.680049,0.0380201,-0.73218,-0.67349499,-0.36223501,-0.64435297
RGB_Crops/cls02_img1135_det0.png,02,1135,0.12596197786000002,0.00900308519,0.87546798499,-0.08628082,0.97118082,0.2222267,0.25053407,0.23704167,-0.93865217,-0.9642649,-0.02530957,-0.26376358
RGB_Crops/cls02_img0915_det0.png,02,0915,-0.28016931454,0.14980992599999998,0.6035467102600001,-0.68036105,0.73288211,-0.00858328,0.61068499,0.56037859,-0.55957011,-0.40527274,-0.38593751,-0.82878202
RGB_Crops/cls06_img1004_det0.png,06,1004,0.053779768910000005,-0.06309013615,0.91554351528,-0.82775599,0.446172,-0.34022301,0.45543599,0.18011899,-0.87185699,-0.32771799,-0.876634,-0.35229701
RGB_Crops/cls05_img0130_det0.png,05,0130,0.06881933317,-0.02475369179,0.94183837513,0.602543,0.496721,-0.624668,0.0939524,-0.82141203,-0.56254297,-0.79253697,0.28026801,-0.541605
RGB_Crops/cls09_img0075_det0.png,09,0075,-0.02720116771,0.12667902974,1.0115791732100001,0.99945998,0.0242064,0.0222328,0.0316782,-0.52917498,-0.84792101,-0.00876003,0.84816802,-0.52965599
RGB_Crops/cls11_img0008_det0.png,11,0008,-0.005638474849999999,-0.07854184139,0.94251595645,0.96299797,-0.24762,-0.106394,-0.26593,-0.80890399,-0.52436203,0.0437796,0.53325301,-0.84482199
RGB_Crops/cls02_img1163_det0.png,02,1163,0.09145882473,-0.015460761310000001,0.7103063250599999,-0.6401914,0.71587882,-0.27873619,0.46814204,0.07585406,-0.88040378,-0.60911089,-0.69410621,-0.38369116
RGB_Crops/cls09_img0964_det0.png,09,0964,0.0635171013,-0.037399965880000004,0.72743615712,-0.93203598,0.148049,-0.330742,0.36041,0.284044,-0.88849503,-0.0375951,-0.947312,-0.318097
RGB_Crops/cls08_img0850_det0.png,08,0850,-0.00477097925,-0.08942455468999999,0.7102522721200001,-0.86187297,0.477723,0.170164,0.23198199,0.669783,-0.70538998,-0.45095399,-0.56848198,-0.68809098
RGB_Crops/cls05_img0003_det0.png,05,0003,0.09566108458,-0.13069608472,1.0269740257000002,0.89190203,-0.15025499,-0.42653799,-0.43599001,-0.53618598,-0.722785,-0.120102,0.83061898,-0.54373503
RGB_Crops/cls08_img1075_det0.png,08,1075,-0.054830048900000004,-0.12561968632,0.9188847472,0.49175999,0.858446,-0.145751,0.38350201,-0.363812,-0.84886199,-0.78172803,0.361541,-0.50812399
RGB_Crops/cls09_img1201_det0.png,09,1201,0.0264398488,-0.11210521956,0.74985040923,0.0866376,0.89762002,-0.432172,0.408328,-0.42768601,-0.80644399,-0.908714,-0.1066,-0.403577
RGB_Crops/cls04_img0239_det0.png,04,0239,0.04166958987,-0.16090039187,0.91777199568,0.43859401,0.89556903,-0.0747775,0.44452301,-0.28850901,-0.84803402,-0.78104699,0.33870199,-0.52464002
RGB_Crops/cls10_img1011_det0.png,10,1011,-0.06346262945,-0.00941363902,0.77268778919,-0.597853,-0.78991598,0.136397,-0.54949802,0.279964,-0.78719199,0.58363003,-0.54557502,-0.60143501
RGB_Crops/cls06_img1121_det0.png,06,1121,-0.06961975695,-0.07787390679,0.7936865646700001,-0.983163,0.0751978,-0.166541,0.17574801,0.63866901,-0.74914199,0.0500309,-0.76579797,-0.641132
RGB_Crops/cls09_img0720_det0.png,09,0720,-0.026849517030000002,-0.03310623895,0.6991429084699999,-0.489317,-0.87186497,-0.0205041,-0.77602601,0.44601601,-0.44592899,0.397935,-0.202289,-0.89483398
RGB_Crops/cls04_img1036_det0.png,04,1036,0.02573957998,-0.06506947219,0.78299536416,-0.95392001,-0.26947001,-0.131992,-0.100337,0.70102602,-0.70604199,0.282787,-0.66026402,-0.69576102
RGB_Crops/cls09_img0635_det0.png,09,0635,-0.16563314376,0.04419964668,0.7650024644400001,-0.201014,-0.96869397,0.14568999,-0.241596,-0.0951063,-0.96570498,0.94932801,-0.22931799,-0.21491501
RGB_Crops/cls11_img0187_det0.png,11,0187,0.05074699512,-0.02601020378,0.80707164953,0.92731601,-0.0171604,-0.37388599,-0.33306599,-0.493543,-0.80341899,-0.17074201,0.86955202,-0.463386
RGB_Crops/cls01_img0658_det0.png,01,0658,-0.04784750367,-0.04380637168,0.69287431814,0.94375402,-0.29145801,-0.15614399,-0.22544999,-0.22177801,-0.94867599,0.24187,0.93052,-0.275013
RGB_Crops/cls09_img0281_det0.png,09,0281,-0.08012073785,-0.05075959805,0.79804898453,0.48318899,-0.81157398,-0.328444,-0.71400201,-0.148167,-0.684286,0.50668401,0.56515002,-0.65105802
RGB_Crops/cls04_img0420_det0.png,04,0420,0.053656704920000006,-0.02130079276,0.6703156260199999,0.99927199,-0.0285954,0.0252682,-0.0138805,-0.88918298,-0.45734,0.0355459,0.45665699,-0.888933
RGB_Crops/cls01_img0198_det0.png,01,0198,-0.05250425267,-0.03779611844,0.8005398946300001,0.63252002,0.77370602,0.0360155,0.35821301,-0.25098601,-0.89927202,-0.68673301,0.58170903,-0.43590501
RGB_Crops/cls11_img1073_det0.png,11,1073,0.055210340000000004,-0.05157076626,1.0345390214599999,0.0752375,0.99370199,-0.0830431,0.79813999,-0.109934,-0.59235698,-0.59775603,-0.0217126,-0.80138397
RGB_Crops/cls05_img1022_det0.png,05,1022,-0.06988687752,-0.04607099688,0.6889723891999999,0.31281099,-0.94381303,-0.106616,-0.30537701,0.00635236,-0.95221001,0.89938498,0.33041999,-0.28623101
RGB_Crops/cls09_img0358_det0.png,09,0358,0.03318244235,-0.10520267756,0.7142300660800001,0.98649901,-0.015502,-0.16303299,-0.14474,-0.54828203,-0.82367301,-0.0766195,0.83614999,-0.54312301
RGB_Crops/cls10_img0156_det0.png,10,0156,0.00731972881,-0.10961292411,0.75131158687,-0.88350099,0.46442199,-0.0611334,0.40226099,0.68534303,-0.60703498,-0.240023,-0.56090802,-0.79232001
RGB_Crops/cls05_img0070_det0.png,05,0070,0.05984232667,0.1120001841,1.02242269228,0.92456502,0.279567,-0.25888699,-0.0675084,-0.54850799,-0.83341599,-0.37499699,0.78802401,-0.488258
RGB_Crops/cls01_img0380_det0.png,01,0380,-0.05415747365,0.14874444635,1.04193336724,0.93044198,-0.0188181,0.36595699,0.198642,-0.81331199,-0.54686803,0.307928,0.581523,-0.75300097
RGB_Crops/cls04_img0231_det0.png,04,0231,0.00673997814,-0.06844153661999999,1.0682453912799998,0.283402,0.95653999,0.0686702,0.344684,-0.0347779,-0.93807399,-0.89491701,0.28952101,-0.33956
RGB_Crops/cls01_img0875_det0.png,01,0875,-0.05143141408,-0.13531027207,0.7099622206499999,-0.41033199,-0.90463501,-0.115165,-0.396804,0.29082,-0.87061501,0.82108098,-0.31154299,-0.47829601
RGB_Crops/cls02_img0747_det0.png,02,0747,0.10997811704,0.05049562405000001,0.8667689819900001,0.51305599,0.84122406,0.1724231,0.63160724,-0.23348629,-0.73966809,-0.58190609,0.48819069,-0.65088809
RGB_Crops/cls11_img0909_det0.png,11,0909,0.07969116288,-0.13258605677,1.02517137772,-0.79959399,0.58389002,0.140431,0.27570599,0.56465399,-0.777915,-0.533512,-0.58329898,-0.61247599
RGB_Crops/cls02_img1040_det0.png,02,1040,-0.12404775273,0.07684995544,0.89850967483,0.07131915,0.98895898,-0.12999575,0.27066807,-0.14462621,-0.95176205,-0.96004182,0.03268957,-0.2779908
RGB_Crops/cls10_img0936_det0.png,10,0936,0.0262587663,-0.025848890109999998,0.73956612338,-0.47991699,-0.84108597,-0.24950799,-0.28080001,0.416702,-0.86458701,0.83116198,-0.34486899,-0.43615901
RGB_Crops/cls01_img0627_det0.png,01,0627,0.09073405317,0.14995611715,0.92073949366,0.96989,-0.24284101,0.0184904,-0.00339578,-0.0893995,-0.99598998,0.24352001,0.96593797,-0.0875323
RGB_Crops/cls01_img0276_det0.png,01,0276,-0.041582288849999996,-0.048978492719999996,0.71157509678,0.359056,0.91101599,-0.20280001,0.70076901,-0.40666899,-0.58612502,-0.61644202,0.0683354,-0.78442901
RGB_Crops/cls01_img1196_det0.png,01,1196,0.007621134119999999,-0.06740261049999999,0.65882733395,-0.99351603,0.0786437,-0.0821035,0.110334,0.84115303,-0.52942199,0.0274259,-0.53504801,-0.84437603
RGB_Crops/cls01_img0249_det0.png,01,0249,-0.10931459012,-0.008678013549999999,0.9621099189300001,0.631845,0.77273297,-0.0604589,0.14395501,-0.193637,-0.97045398,-0.76160902,0.60447401,-0.233587
RGB_Crops/cls02_img0072_det0.png,02,0072,0.10677569912,0.0093226458,1.2105725403199998,0.83233807,0.21366915,-0.51168907,-0.43551342,-0.31942735,-0.84176367,-0.34326025,0.92336323,-0.1728012
RGB_Crops/cls10_img1020_det0.png,10,1020,-0.006245129709999999,-0.12443797718,0.70735102485,0.39545399,-0.91830701,0.0181225,-0.73609197,-0.32866299,-0.59173399,0.54935002,0.22066399,-0.80592901
RGB_Crops/cls08_img0299_det0.png,08,0299,0.00635675881,-0.0197417181,0.78658954628,0.32187101,-0.94489801,0.0597191,-0.82298702,-0.31041199,-0.47574899,0.468072,0.103982,-0.87755102
RGB_Crops/cls08_img0640_det0.png,08,0640,0.00924926049,-0.06428285490999999,0.93085699554,-0.66919702,-0.74143201,-0.0495465,-0.21999501,0.26136699,-0.93983501,0.709773,-0.61803401,-0.33801699
RGB_Crops/cls10_img1190_det0.png,10,1190,0.18586645353,-0.13938350212,1.0338858284299999,-0.999479,0.00180082,-0.0322328,0.0294223,0.461721,-0.88653702,0.0132861,-0.88702297,-0.46153399
RGB_Crops/cls01_img1228_det0.png,01,1228,-0.05822602426,-0.050085887419999996,0.70146151,-0.88673502,0.46160999,-0.0248292,0.22456799,0.38319501,-0.89595199,-0.40406701,-0.80004799,-0.44345501
RGB_Crops/cls10_img1003_det0.png,10,1003,0.0116243602,0.05804733616,0.89942911659,0.47474501,-0.879273,-0.0386739,-0.420304,-0.18788899,-0.88771701,0.77328002,0.43769401,-0.45876199
RGB_Crops/cls05_img0935_det0.png,05,0935,-0.058397359870000005,-0.15143944131,0.81924193882,-0.587255,-0.72714102,0.355524,-0.52970302,0.0131437,-0.84808099,0.61200202,-0.68636298,-0.39288801
RGB_Crops/cls10_img0254_det0.png,10,0254,-0.00206593844,0.01678082595,0.95080452628,-0.18492199,0.96437001,0.189192,0.19893301,0.22525901,-0.95377302,-0.96240801,-0.13873699,-0.233501
RGB_Crops/cls05_img0658_det0.png,05,0658,0.00030428661,-0.03104677368,0.7742959028,-0.35908201,0.91479802,-0.184945,0.85892099,0.24638601,-0.44894201,-0.365123,-0.32006001,-0.87421203
RGB_Crops/cls08_img0833_det0.png,08,0833,-0.023660508190000002,-0.0219953486,0.9211448555199999,-0.99943399,0.0208659,-0.0263767,0.030905,0.260425,-0.96499902,-0.0132664,-0.96526903,-0.260923
RGB_Crops/cls01_img1002_det0.png,01,1002,0.24992722266,0.05192199133,1.0259057389100001,-0.82446599,-0.359115,-0.43736899,0.23856799,0.48027,-0.84405297,0.51316798,-0.80023599,-0.31029299
RGB_Crops/cls09_img1198_det0.png,09,1198,-0.12346887216,-0.09554810224,0.79187251324,0.0838522,0.96909702,-0.23199099,0.54123902,-0.239769,-0.80596,-0.83667803,-0.0579808,-0.54461801
RGB_Crops/cls08_img0663_det0.png,08,0663,-0.032731673,-0.02124864524,0.967801547,0.00206693,-0.99643201,0.0843728,-0.51641899,-0.0733152,-0.85319197,0.85633397,-0.0418082,-0.51472801
RGB_Crops/cls01_img1197_det0.png,01,1197,-0.08693747202,-0.04296696113,0.6737481186400001,-0.97217101,-0.233376,-0.020497,-0.196134,0.85862702,-0.47359401,0.128125,-0.45639399,-0.88050503
RGB_Crops/cls08_img0808_det0.png,08,0808,-0.12985886677,0.06977478399,0.98128738305,-0.88971698,0.43818101,0.128065,0.398617,0.88241798,-0.249888,-0.22250301,-0.17128,-0.959768
RGB_Crops/cls08_img0342_det0.png,08,0342,0.00648611866,-0.05227999456,0.78197459659,0.99801201,0.0361318,0.0516454,0.0629127,-0.62096202,-0.78131199,0.00383968,0.78300703,-0.62200099
RGB_Crops/cls04_img0875_det0.png,04,0875,-0.10209182414,0.03092225676,1.0454001188100002,-0.41632399,-0.90921402,0.00203616,-0.26019299,0.116995,-0.95844197,0.87119102,-0.399553,-0.28527901
RGB_Crops/cls01_img0573_det0.png,01,0573,0.00281938268,-0.032518471480000005,0.69767727884,0.98524898,-0.124907,-0.116976,-0.14858,-0.96352398,-0.222589,-0.0849063,0.23668601,-0.96786898
RGB_Crops/cls09_img0403_det0.png,09,0403,-0.08200408851999999,-0.04454857535,0.6895513393899999,0.85127997,0.45626,-0.25913301,0.33346599,-0.85172701,-0.404181,-0.40512201,0.25765899,-0.87720501
RGB_Crops/cls05_img0516_det0.png,05,0516,0.03520257469,-0.040074946529999995,1.06991998366,-0.737342,0.62601101,-0.25384399,0.43343201,0.15019999,-0.88858098,-0.518134,-0.76521301,-0.38208199
RGB_Crops/cls11_img0938_det0.png,11,0938,0.13872529865000002,-0.10647824058000001,0.9009330721500001,-0.96442503,0.20902801,0.16183899,-0.0145863,0.56919098,-0.82207602,-0.26395401,-0.79519099,-0.54589301
RGB_Crops/cls05_img0404_det0.png,05,0404,0.06163736811,-0.052594925109999996,0.6520725091499999,0.91230601,-0.3725,-0.170121,-0.40821099,-0.79418999,-0.45014,0.032569,0.480111,-0.87660301
RGB_Crops/cls04_img0584_det0.png,04,0584,0.06268926544,0.00408809148,1.03760357173,0.96651697,-0.225187,-0.123025,-0.182504,-0.26623699,-0.94647199,0.18038,0.93723398,-0.298421
RGB_Crops/cls09_img0748_det0.png,09,0748,0.00135628453,0.03620852323,1.04805238159,-0.99194402,-0.109638,-0.0634538,-0.0465552,0.78137702,-0.62232,0.117811,-0.614353,-0.780186
RGB_Crops/cls08_img0879_det0.png,08,0879,-0.08066433611,-0.012529612229999999,0.7714302184399999,-0.94075799,-0.31961799,-0.113223,-0.00826906,0.35543901,-0.934663,0.33897901,-0.87835503,-0.33702499
RGB_Crops/cls01_img0978_det0.png,01,0978,-0.02560129287,0.05399225319,1.03459595452,-0.79958898,-0.58695799,0.127033,-0.54352999,0.617338,-0.56874299,0.25540599,-0.52380699,-0.81264597
RGB_Crops/cls06_img1002_det0.png,06,1002,-0.05756297978,-0.17063145581,1.01573913353,-0.89063197,0.36786401,-0.267304,0.404127,0.37084299,-0.83615601,-0.208464,-0.852732,-0.478948
RGB_Crops/cls02_img0483_det0.png,02,0483,0.22048289773,-0.10623313249,1.1092486610599999,0.34176014,0.91396942,-0.21965759,0.3228042,-0.33362561,-0.88595748,-0.88288095,0.23182255,-0.40895059
RGB_Crops/cls04_img0752_det0.png,04,0752,0.0281149752,-0.05168445100999999,0.80310644758,-0.195022,-0.98015898,0.0354273,-0.97599798,0.19037101,-0.105768,0.0969251,-0.055204,-0.99375999
RGB_Crops/cls08_img0983_det0.png,08,0983,-0.07894376586999999,-0.07303355481,0.7402184670599999,-0.54819399,0.82629001,0.12933899,0.132093,0.23824599,-0.96218002,-0.825854,-0.51037699,-0.23975199
RGB_Crops/cls01_img0307_det0.png,01,0307,-0.00917542683,0.0038957868000000003,1.00655852085,0.99611598,0.0877144,-0.0077179,0.0729364,-0.87103403,-0.485778,-0.0493323,0.48332801,-0.87404799
RGB_Crops/cls11_img1069_det0.png,11,1069,0.01983916404,-0.11630499003,0.63610895922,-0.0643455,0.992405,-0.104842,0.83659899,-0.00362901,-0.547804,-0.54402399,-0.122959,-0.83001101
RGB_Crops/cls10_img1192_det0.png,10,1192,-0.0040420953199999995,-0.03679949277,0.8324012480799999,-0.933357,0.23729099,-0.26932901,0.33879301,0.334465,-0.87940502,-0.118593,-0.912045,-0.39256799
RGB_Crops/cls02_img0571_det0.png,02,0571,0.21473541907000002,0.11022133591,0.82942101285,-0.5947483,0.80187035,-0.06087917,0.30813801,0.15725764,-0.93847535,-0.74283732,-0.57676753,-0.34054076
RGB_Crops/cls04_img0251_det0.png,04,0251,0.07962982296,-0.036813704600000004,0.91219689922,0.40131399,0.91466802,0.048256,0.31485599,-0.0882868,-0.94502401,-0.86012298,0.394445,-0.32341999
RGB_Crops/cls04_img1033_det0.png,04,1033,0.13781086195,-0.10210146774000001,1.03762570645,-0.95030898,-0.28079,-0.134422,-0.116916,0.72210503,-0.68183202,0.28851801,-0.63223499,-0.71905202
RGB_Crops/cls09_img0911_det0.png,09,0911,-0.07017555498,-0.048262603859999996,0.90391390241,-0.949857,0.21095,0.23080499,0.12898199,0.93675399,-0.32535499,-0.284841,-0.27927101,-0.91699201
RGB_Crops/cls01_img0232_det0.png,01,0232,-0.03002351935,-0.0424038479,0.8343437609,0.90324003,0.393538,-0.171133,0.2438,-0.798756,-0.55004603,-0.35315701,0.45510101,-0.81741202
RGB_Crops/cls11_img0461_det0.png,11,0461,-0.0020769481399999998,-0.03781351384,0.67611756686,0.0444071,-0.985632,-0.162962,-0.88727301,0.0360522,-0.459833,0.459102,0.165012,-0.87292397
RGB_Crops/cls09_img0342_det0.png,09,0342,-0.01161652398,-0.07276163561,0.70718628268,0.88510001,0.46143499,-0.0606355,0.42359599,-0.852696,-0.30573699,-0.192781,0.244923,-0.95018297
RGB_Crops/cls11_img0245_det0.png,11,0245,-0.10669396316,-0.16150909545,0.89762600549,0.81163901,0.32860401,-0.482972,-0.163937,-0.66542602,-0.72824001,-0.56068498,0.67024499,-0.486215
RGB_Crops/cls09_img0547_det0.png,09,0547,0.12482223674,0.11138645325999999,0.98357047202,-0.60849601,-0.79153001,-0.0566796,-0.30112699,0.29639599,-0.90635097,0.73420399,-0.53444302,-0.41870701
RGB_Crops/cls05_img0285_det0.png,05,0285,-0.01367144426,-0.14684478093,0.80612694903,0.86161399,-0.498467,-0.095668,-0.35329399,-0.45365399,-0.81815797,0.36442399,0.73873502,-0.56698
RGB_Crops/cls02_img0676_det0.png,02,0676,0.03457496161,-0.17687149768000002,0.76572008522,0.62698137,0.76651219,-0.14059572,0.51821246,-0.54482639,-0.65959226,-0.58209237,0.34060357,-0.73863527
RGB_Crops/cls04_img1189_det0.png,04,1189,-0.01091231569,-0.022802231859999997,0.73272873562,-0.93093598,-0.0802678,-0.35625201,0.27385199,0.49192199,-0.82644898,0.241586,-0.86693102,-0.43596601
RGB_Crops/cls05_img1107_det0.png,05,1107,-0.12079150958,-0.01971029743,0.97221198287,-0.97042602,-0.14706799,-0.19142801,0.130815,0.34608501,-0.929039,0.20288301,-0.92660499,-0.31661099
RGB_Crops/cls10_img0492_det0.png,10,0492,0.1125300045,-0.03574805536,0.7834660682,0.991229,-0.115184,-0.0647925,-0.13108,-0.79444402,-0.593023,0.0168325,0.59631401,-0.80257398
RGB_Crops/cls08_img1054_det0.png,08,1054,-0.10121352892999999,-0.0456173684,0.8703832832199999,0.0785666,0.98310602,-0.16531999,0.85164398,-0.15239,-0.50147802,-0.51819903,-0.101395,-0.84922802
RGB_Crops/cls05_img0211_det0.png,05,0211,-0.05020566484,-0.11814572948999999,0.84577176597,0.923594,0.37730101,-0.0679534,0.35058701,-0.90295798,-0.24850699,-0.155121,0.205696,-0.96624398
RGB_Crops/cls02_img0030_det0.png,02,0030,0.13014511733,-0.02988809157,1.1368344714,0.94984828,0.31135589,0.03374528,0.2307853,-0.62307534,-0.74750778,-0.21169505,0.71772033,-0.66358563
RGB_Crops/cls06_img0835_det0.png,06,0835,-0.04926072951,-0.05088973648,0.90333038162,-0.58737099,-0.75324202,-0.29600799,-0.229645,0.50583702,-0.83149999,0.77605301,-0.42042199,-0.470092
RGB_Crops/cls05_img1170_det0.png,05,1170,-0.07276286828,-0.06221108593,0.6898690308000001,-0.98963302,-0.123818,-0.0727687,-0.0329675,0.68900198,-0.72400898,0.13978299,-0.714104,-0.68594098
RGB_Crops/cls06_img1164_det0.png,06,1164,-0.11530363231,-0.10501803586,0.67715398814,-0.94071698,-0.32890099,-0.0829242,-0.30300501,0.92472899,-0.23035701,0.152447,-0.19157401,-0.969567
RGB_Crops/cls01_img0481_det0.png,01,0481,0.01487457067,0.11182407537,0.84415560503,0.97855902,-0.19968501,0.0504875,-0.0121214,-0.30052999,-0.953695,0.20561101,0.93263501,-0.296507
RGB_Crops/cls08_img1184_det0.png,08,1184,-0.01066671035,-0.09531142215,0.66862772065,0.43592399,0.89226902,0.117588,0.44308099,-0.0990502,-0.890993,-0.78335798,0.44050601,-0.438526
RGB_Crops/cls05_img0714_det0.png,05,0714,-0.02740159872,-0.11288214551999999,0.68504225274,0.32998499,0.94397902,0.00383158,0.68825102,-0.237809,-0.68538803,-0.64608097,0.22880501,-0.72816801
RGB_Crops/cls06_img0138_det0.png,06,0138,0.06997861081000001,-0.17335105688,0.98333155061,0.55553001,0.79592198,-0.240615,0.28774399,-0.455515,-0.84244299,-0.78012198,0.39876601,-0.48207399
RGB_Crops/cls02_img0065_det0.png,02,0065,0.25786079543,0.01642823121,1.22723451569,0.81449413,-0.09765133,-0.57212015,-0.57976873,-0.09018889,-0.80994728,0.02749384,0.9912712,-0.1300595
RGB_Crops/cls04_img0373_det0.png,04,0373,-0.01515559921,-0.10923287193,0.69270221339,0.17260499,0.97241998,0.156863,0.84073502,-0.0624723,-0.53783101,-0.51319802,0.224712,-0.82833099
RGB_Crops/cls05_img0829_det0.png,05,0829,0.04630503232,0.11129597065,1.00965692209,-0.54510802,-0.835329,-0.071295,-0.177819,0.198305,-0.963875,0.819291,-0.512739,-0.25663501
RGB_Crops/cls04_img0490_det0.png,04,0490,0.0026893541500000004,-0.04897388991,0.7056821241500001,0.97459501,0.16146199,0.15522701,0.221792,-0.59917599,-0.769283,-0.0312016,0.78416699,-0.61976498
RGB_Crops/cls09_img0313_det0.png,09,0313,0.005096461910000001,-0.03797262878,0.79955079244,0.85151201,0.50326103,-0.147158,0.22826999,-0.60847199,-0.76003599,-0.472038,0.61358798,-0.63300103
RGB_Crops/cls01_img0899_det0.png,01,0899,-0.05444303531,-0.032231914789999996,0.7152165022200001,-0.84810799,-0.52784598,0.0457215,-0.50830501,0.78628498,-0.35125801,0.14946,-0.321145,-0.93516201
RGB_Crops/cls10_img0801_det0.png,10,0801,0.010611799359999998,0.02364413673,1.06415956173,0.32697001,-0.93764198,-0.117974,-0.807087,-0.212115,-0.55101502,0.49162999,0.275381,-0.826114
RGB_Crops/cls04_img0338_det0.png,04,0338,-0.06609533933,0.04426969855,0.76404441929,-0.73497701,0.675789,-0.055842,0.65494198,0.68613899,-0.31664601,-0.17567,-0.269301,-0.946899
RGB_Crops/cls06_img0025_det0.png,06,0025,0.08395296782,-0.08425114734,1.02418989209,-0.35006899,0.93445098,-0.0652166,0.728571,0.22785801,-0.64596099,-0.58875901,-0.273646,-0.76058
RGB_Crops/cls05_img0917_det0.png,05,0917,0.06253826462,-0.02304042293,0.86319802427,-0.104343,-0.86766702,0.486072,-0.56572199,-0.35018599,-0.746544,0.817967,-0.35287899,-0.454319
RGB_Crops/cls02_img0157_det0.png,02,0157,-0.2846993144,0.10901550114,0.89529549128,-0.12587493,0.99037634,-0.05940419,0.65885845,0.03866835,-0.75140809,-0.74178702,-0.13372038,-0.65731409
RGB_Crops/cls04_img0648_det0.png,04,0648,0.13662824771999998,-0.08127424418,0.87469602891,0.82575798,0.52935302,0.194704,0.349484,-0.20925801,-0.913275,-0.442702,0.82218999,-0.357797
RGB_Crops/cls09_img0030_det0.png,09,0030,-0.06157860775,0.01296592997,1.06769901332,0.78311598,0.61643201,0.0821025,0.484384,-0.52183801,-0.70218003,-0.39000201,0.58965802,-0.70725
RGB_Crops/cls10_img0995_det0.png,10,0995,0.0328031774,-0.07405090038,0.9455815761699999,0.35268101,-0.93210697,-0.0824199,-0.75568902,-0.231766,-0.61255002,0.55185997,0.27831799,-0.78612298
RGB_Crops/cls04_img1031_det0.png,04,1031,0.2020666459,-0.03254285801,1.04157912006,-0.96605599,0.106406,-0.23540001,0.25115699,0.60014099,-0.75944102,0.0604643,-0.79278499,-0.60649502
RGB_Crops/cls11_img1087_det0.png,11,1087,0.0876371731,0.0097509356,0.99013617457,-0.40300399,0.887317,-0.224178,0.71238798,0.15036801,-0.68548697,-0.57453603,-0.435956,-0.69271302
RGB_Crops/cls06_img0505_det0.png,06,0505,-0.00983996231,0.05563725859,1.0709327875199999,0.926651,0.273642,-0.25775701,-0.17967001,-0.27989599,-0.94306803,-0.330208,0.92020601,-0.210201
RGB_Crops/cls02_img1121_det0.png,02,1121,0.054908564980000005,0.018820462280000002,0.79748389836,-0.45456129,0.82630722,-0.33258511,0.56217004,-0.02348689,-0.82670113,-0.6909109,-0.56274809,-0.45384462
RGB_Crops/cls09_img0051_det0.png,09,0051,-0.05149733884,-0.01645150284,1.05233041495,0.85523897,-0.51772898,-0.0228874,-0.25777301,-0.38667199,-0.88545901,0.44957799,0.763179,-0.46415401
RGB_Crops/cls06_img0515_det0.png,06,0515,0.015197095879999999,-0.04816682502,0.9664365360299999,0.912893,-0.40802899,-0.0117855,-0.35537699,-0.78022701,-0.514736,0.20083199,0.474087,-0.85726798
RGB_Crops/cls09_img0558_det0.png,09,0558,0.13731820792,-0.122525695,0.9423392057600001,-0.306146,-0.95171303,-0.0227408,-0.38033599,0.14417499,-0.91354102,0.87270802,-0.27102801,-0.40610901
RGB_Crops/cls02_img1133_det0.png,02,1133,0.2484611148,-0.09040432695,0.82537902721,-0.17722863,0.96297779,0.20318434,0.47881138,0.26473812,-0.83706357,-0.85985389,-0.05106245,-0.50800032
RGB_Crops/cls08_img0773_det0.png,08,0773,-0.08096335302999999,-0.10514852028,0.9545679935,-0.99117702,-0.0961034,-0.091283,0.00257501,0.67459702,-0.73818099,0.132521,-0.73190302,-0.66839802
RGB_Crops/cls01_img0402_det0.png,01,0402,0.00678627317,0.07023818488000001,1.05030105865,0.66469502,-0.61369997,-0.42608899,-0.45894101,0.114626,-0.88104099,0.58953601,0.781174,-0.205461
RGB_Crops/cls10_img0441_det0.png,10,0441,-0.01271329192,0.01718067766,0.91338969153,0.95867902,0.258517,0.118757,0.281894,-0.80695599,-0.51899803,-0.0383383,0.53102899,-0.84648597
RGB_Crops/cls04_img0479_det0.png,04,0479,-0.03302189687,-0.04197174648,0.99380798945,0.99497098,0.0992574,0.0134725,0.0863208,-0.781407,-0.61802298,-0.0508159,0.61607802,-0.78604501
RGB_Crops/cls11_img0755_det0.png,11,0755,0.14014027407000001,-0.07912358066,0.67782617404,-0.44710299,-0.87672102,0.177366,-0.86585301,0.374432,-0.33181301,0.22449601,-0.301927,-0.926521
RGB_Crops/cls05_img1165_det0.png,05,1165,0.01185557177,-0.08499789801,0.66068938861,-0.99784499,-0.042269,-0.050189,-0.0001834,0.76666999,-0.64204103,0.0656169,-0.64064801,-0.76502597
RGB_Crops/cls10_img0493_det0.png,10,0493,0.13828171452000002,0.00931337624,1.05012457307,0.95941502,-0.24077,-0.146807,-0.27638999,-0.69957,-0.65894598,0.0559528,0.67277902,-0.73772502
RGB_Crops/cls02_img0539_det0.png,02,0539,0.21242683933,-9.229807e-05,0.90839984447,-0.13333842,0.98141202,0.13945546,0.65920644,0.19285511,-0.72711311,-0.74037083,-0.00502251,-0.67250972
RGB_Crops/cls05_img0188_det0.png,05,0188,0.17074865984999998,0.07722507094,0.93490904858,0.176493,0.94766802,-0.266038,0.76612902,-0.301952,-0.56733799,-0.61797798,-0.103688,-0.77932799
RGB_Crops/cls09_img0415_det0.png,09,0415,0.05412092789,-0.0153897302,1.0203077583,-0.0820843,-0.99029797,-0.112122,-0.77259701,0.134296,-0.62053102,0.62956798,0.0356896,-0.77612501
RGB_Crops/cls06_img0651_det0.png,06,0651,-0.025314638219999998,-0.13171120429000002,0.93311629486,0.80299598,-0.56364602,-0.193653,-0.410171,-0.286919,-0.86570102,0.43238601,0.77458501,-0.461586
RGB_Crops/cls08_img1142_det0.png,08,1142,-0.20154288581,-0.05904092474,0.93530664971,-0.52950001,0.84367502,-0.08856,0.41388801,0.165803,-0.89510101,-0.74049097,-0.51060998,-0.43698001
RGB_Crops/cls09_img0657_det0.png,09,0657,0.04345505632,-0.08937586317,0.7758157846399999,-0.71959698,-0.66237003,0.20843901,-0.68988502,0.64781201,-0.323107,0.0789876,-0.376306,-0.92312199
RGB_Crops/cls04_img0825_det0.png,04,0825,0.05614313998,-0.0657406331,0.71609115872,0.16326199,-0.98657203,0.00464785,-0.62547499,-0.107147,-0.772852,0.762972,0.12327,-0.63456899
RGB_Crops/cls08_img0978_det0.png,08,0978,0.03724340305,-0.03555133564,0.74606459277,-0.63309598,0.77329201,-0.0347706,0.37137401,0.26401901,-0.89015502,-0.67917001,-0.57646602,-0.45433
RGB_Crops/cls02_img0785_det0.png,02,0785,0.00045087595000000005,0.19849351668,0.8112824835,0.8706384,0.49102804,0.03022645,0.26406091,-0.41459691,-0.87087111,-0.41508166,0.76617761,-0.49061606
RGB_Crops/cls02_img0964_det1.png,02,0964,-0.06435526213,0.25644052325,0.57153161681,0.11235512,0.97568185,-0.18844186,0.87038419,-0.18812712,-0.45509493,-0.47945947,-0.11287861,-0.87031558
RGB_Crops/cls02_img0307_det0.png,02,0307,0.08613507933,0.05991725285,0.76086218159,0.12317467,0.99208401,0.02932575,0.92795262,-0.1046368,-0.35804384,-0.35207709,0.07130419,-0.9333732
RGB_Crops/cls04_img0111_det0.png,04,0111,-0.06288130006,-0.08629283371,0.8052225785099999,0.27570999,0.95009398,-0.145964,0.66800499,-0.29857001,-0.68163502,-0.69119799,0.0904286,-0.716986
RGB_Crops/cls08_img0175_det0.png,08,0175,-0.08962426062,-0.03290358528,0.96320469563,0.89379299,-0.0695008,-0.44306099,-0.44514501,-0.257714,-0.85757202,-0.0545811,0.963718,-0.26128101
RGB_Crops/cls08_img1178_det0.png,08,1178,-0.05628148855,-0.0365098798,0.65947979072,0.580522,0.81091303,-0.0735908,0.57780802,-0.47394601,-0.664464,-0.57370102,0.34321499,-0.74368799
RGB_Crops/cls11_img0072_det0.png,11,0072,-0.00813913335,-0.10027050206,0.6566367847300001,0.94860101,-0.295248,0.113954,-0.23679499,-0.90104699,-0.363377,0.20996501,0.317716,-0.92464697
RGB_Crops/cls04_img1129_det0.png,04,1129,-0.037123653799999996,-0.10044121110000001,1.0017213414000001,-0.92691803,-0.25931099,-0.27125701,0.144455,0.42058399,-0.89568001,0.34634599,-0.86940598,-0.35238799
RGB_Crops/cls02_img1103_det0.png,02,1103,0.33032133168,-0.0616688633,0.93107598788,0.42931767,0.90279151,-0.02624779,0.82065032,-0.40206635,-0.40609803,-0.37716571,0.15280214,-0.91347209
RGB_Crops/cls10_img0150_det0.png,10,0150,-0.06946056656,-0.07949134271,0.7134986053400001,-0.72052002,0.67480499,-0.15965401,0.658176,0.59302902,-0.46381101,-0.21830299,-0.439266,-0.87142998
RGB_Crops/cls01_img0326_det0.png,01,0326,0.18024311868999998,0.03759861181,1.06129143725,0.94118899,-0.0278411,-0.33673301,-0.30667999,-0.48867899,-0.816787,-0.14181399,0.87201899,-0.46847701
RGB_Crops/cls08_img0107_det0.png,08,0107,-0.09748718722,0.06220719206,1.0189452863300001,0.85618001,0.434165,-0.280099,-0.161199,-0.29059401,-0.94317001,-0.49088699,0.85267597,-0.17881399
RGB_Crops/cls01_img1235_det0.png,01,1235,-0.056544161870000005,-0.13257246807,0.71444239165,-0.98329902,-0.0023933,-0.181979,0.151483,0.54343998,-0.82566702,0.100871,-0.83944398,-0.53400201
RGB_Crops/cls11_img0096_det0.png,11,0096,-0.00222661977,-0.06459731427,1.0005051760500001,0.74468702,0.62629801,-0.23063201,0.31815001,-0.63688999,-0.70224798,-0.58670402,0.449579,-0.67354101
RGB_Crops/cls01_img1029_det0.png,01,1029,-0.03137313739,0.04891141491,1.04060744015,-0.79534799,0.60569698,0.0235049,0.15652101,0.242682,-0.95739597,-0.58559602,-0.75778401,-0.28782099
RGB_Crops/cls01_img0553_det0.png,01,0553,0.11330469324,0.019820726700000003,0.74636572034,0.97675103,0.160514,-0.142104,-0.0416565,-0.50812203,-0.860277,-0.21029299,0.846196,-0.489622
RGB_Crops/cls09_img0733_det0.png,09,0733,-0.01734943503,-0.02491940943,0.6794172618600001,-0.61488301,-0.78804398,0.0300778,-0.78128499,0.60353303,-0.159191,0.107297,-0.121383,-0.98678899
RGB_Crops/cls09_img0861_det0.png,09,0861,0.06396489473,-0.06206025433,0.9592445364200001,-0.932024,0.36115199,-0.0300142,0.35988599,0.91265303,-0.193772,-0.0425887,-0.191402,-0.98058701
RGB_Crops/cls10_img0147_det0.png,10,0147,-0.09338505583,0.041061922699999996,0.9088795867,-0.482649,0.85106599,-0.20672899,0.798262,0.33037099,-0.50361902,-0.36031601,-0.408095,-0.83882701
RGB_Crops/cls11_img0024_det0.png,11,0024,-0.0866757778,-0.12505990851999998,0.76210326039,0.830208,0.54586202,0.113091,0.51065302,-0.66332603,-0.54702199,-0.223582,0.51189202,-0.82944399
RGB_Crops/cls09_img0695_det0.png,09,0695,-0.03209063956,-0.18011074977000002,0.6842687848000001,-0.262355,-0.95661801,-0.1267,-0.54088402,0.25451601,-0.80166501,0.799133,-0.141791,-0.58419299
RGB_Crops/cls04_img0374_det0.png,04,0374,-0.02292619,-0.040259919830000004,0.69695880569,0.124707,0.979572,0.15775301,0.97844398,-0.0950363,-0.183347,-0.164609,0.17721701,-0.97030801
RGB_Crops/cls04_img1171_det0.png,04,1171,-0.07538608809,0.00392879079,0.8247316351199999,-0.85446799,-0.498864,-0.144978,-0.259646,0.65180802,-0.71255201,0.44996399,-0.57121098,-0.68647701
RGB_Crops/cls09_img0933_det0.png,09,0933,0.1694929984,0.03292068761,0.9204235226299999,-0.64584303,0.75226998,-0.130292,0.41789299,0.20550101,-0.88494903,-0.638946,-0.62598598,-0.44709
RGB_Crops/cls08_img0575_det0.png,08,0575,0.00580680688,-0.00954356467,0.73485315314,-0.0537107,-0.97635603,-0.209388,-0.26567599,0.216105,-0.939529,0.962565,0.00516661,-0.27100199
RGB_Crops/cls09_img0222_det0.png,09,0222,0.028419002720000003,-0.109299853,0.81217548718,0.53574997,-0.84365499,0.0348879,-0.63167399,-0.42786801,-0.646465,0.56032097,0.32430601,-0.76214498
RGB_Crops/cls10_img1155_det0.png,10,1155,-0.0787882514,-0.16947088136,1.0771600563800001,-0.82094699,-0.567222,0.065614,-0.38129401,0.45902899,-0.80243802,0.425042,-0.68377697,-0.593117
RGB_Crops/cls08_img0112_det0.png,08,0112,-0.0734113504,-0.00269984856,1.05967179155,0.77577603,0.53093803,-0.340994,-0.108996,-0.419521,-0.901178,-0.62152302,0.73627901,-0.267584
RGB_Crops/cls05_img0062_det0.png,05,0062,-0.02031081255,-0.08024066838,1.01522045414,0.773166,-0.60533798,-0.18915799,-0.376295,-0.197779,-0.90514398,0.51050597,0.77100599,-0.38070101
RGB_Crops/cls06_img0694_det0.png,06,0694,0.03565688083,-0.05536626839,0.6546885396200001,0.85550898,-0.517497,-0.0173268,-0.49170199,-0.80146801,-0.34040999,0.162274,0.299743,-0.94011801
RGB_Crops/cls11_img0203_det0.png,11,0203,0.04416231835,-0.04198840888,0.79114855879,0.97573,-0.0715916,0.206945,0.0921904,-0.72291398,-0.68475997,0.198626,0.68721902,-0.69876897
RGB_Crops/cls10_img0317_det0.png,10,0317,0.05380393638,-0.11919600155,1.02542526734,0.590626,0.806844,0.0127756,0.45615,-0.320768,-0.83008099,-0.66564798,0.496095,-0.55749601
RGB_Crops/cls06_img1047_det0.png,06,1047,-0.02688337394,-0.00860989536,0.94935871744,-0.90468299,-0.425154,0.0281449,-0.403211,0.83289301,-0.37909001,0.13773,-0.354305,-0.92493099
RGB_Crops/cls09_img0141_det0.png,09,0141,-0.058711261290000004,-0.06816542566,0.8289318219599999,0.79677999,-0.40557799,0.447938,0.181058,-0.54698998,-0.817325,0.57650602,0.73233098,-0.362398
RGB_Crops/cls08_img1147_det0.png,08,1147,-0.03280168336,-0.00039053531,0.8833393645,-0.41575599,0.90946198,0.00514662,0.53353697,0.24847899,-0.80845302,-0.73653603,-0.33337301,-0.58853799
RGB_Crops/cls04_img0302_det0.png,04,0302,0.045311848589999995,-0.052712603620000006,0.92702215886,0.72148299,0.69130403,0.039507,0.512236,-0.494468,-0.70222199,-0.46591401,0.52687901,-0.71086103
RGB_Crops/cls10_img0861_det0.png,10,0861,-0.0043791718399999995,-0.04003533098,0.69843337427,0.119512,-0.96736199,-0.223447,-0.51715398,0.13146199,-0.84573603,0.847507,0.21663199,-0.48456401
RGB_Crops/cls01_img0278_det0.png,01,0278,-0.05917337036,-0.07902431828999999,0.68816166565,0.250653,0.95099801,-0.181044,0.84906602,-0.305796,-0.43078399,-0.465038,-0.0457411,-0.88410801
